이야기	0	412	384	5	384	411	381	380	407	380	6	1	0	0	3	1	4	0	11	372	9	48	0	11	0	0	0	5	0	0	3	3	4	9	0	2	2	13	1	5	2	2	0	14	1	45	1	0	0	0	0
자격증	412	0	525	89	374	414	364	365	46	364	2	0	16	0	2	9	23	1	3	365	0	84	1	36	0	0	0	20	4	0	7	55	35	3	0	0	3	0	59	40	3	15	2	25	28	1	13	3	3	0	6
취득	384	525	0	59	367	371	364	369	16	364	5	0	4	0	0	2	11	0	0	363	0	27	0	13	0	0	0	12	2	0	1	36	21	3	0	0	2	0	14	20	1	7	1	16	13	0	0	0	0	0	3
프로그램	5	89	59	0	2	9	0	1	7	9	14	0	61	0	8	0	28	3	36	4	0	29	0	11	0	0	0	15	3	0	3	21	8	18	0	0	0	0	11	9	19	1	0	22	1	0	0	31	31	1	0
대외활동	384	374	367	2	0	374	364	364	18	366	3	0	0	0	3	0	1	0	0	349	0	13	0	6	0	0	1	5	2	0	0	5	15	0	0	1	0	0	0	0	0	0	0	8	5	3	1	0	0	0	1
학점	411	414	371	9	374	0	364	368	45	364	1	0	0	0	1	1	4	0	0	350	0	39	1	7	0	0	0	7	4	0	1	27	18	0	0	0	0	0	2	6	0	5	0	2	37	1	0	0	0	2	1
학년별로	381	364	364	0	364	364	0	364	16	364	0	0	0	26	0	0	0	0	0	345	0	0	0	0	0	0	0	0	0	0	1	0	0	0	0	0	0	0	0	0	0	0	0	0	0	27	0	0	0	0	0
현장실습	380	365	369	1	364	368	364	0	16	364	0	0	0	0	1	0	0	0	3	344	0	1	0	5	0	0	0	3	0	0	0	6	3	0	0	0	1	0	0	0	0	0	0	3	6	0	0	0	0	0	0
진로설정	407	46	16	7	18	45	16	16	0	16	0	0	7	0	0	0	0	0	0	30	0	32	0	0	0	0	0	0	1	0	0	0	2	0	0	0	0	0	0	0	0	0	0	0	0	0	0	0	0	0	0
경력관리	380	364	364	9	366	364	364	364	16	0	0	0	1	0	0	0	0	0	0	346	0	2	0	1	0	0	0	1	0	0	3	7	0	0	0	0	0	0	0	0	0	0	1	0	0	0	0	0	0	0	0
자소서	6	2	5	14	3	1	0	0	0	0	0	0	4	0	7	0	43	172	12	6	0	52	0	95	0	3	0	9	1	0	11	8	1	0	0	5	14	1	0	4	3	7	1	10	0	0	0	0	1	0	1
집단상담	1	0	0	0	0	0	0	0	0	0	0	0	0	9	0	0	0	0	0	0	148	1	0	0	0	0	0	0	0	5	0	0	0	0	0	0	0	0	0	0	0	2	0	0	0	9	0	0	0	0	0
대학일자리본부	0	16	4	61	0	0	0	0	7	1	4	0	0	0	0	0	5	0	4	1	0	2	0	3	0	0	0	6	2	0	2	2	2	13	0	0	0	10	1	2	4	0	0	0	0	0	3	0	0	0	0
성공적인	0	0	0	0	0	0	26	0	0	0	0	9	0	0	0	0	0	0	0	0	0	0	0	0	0	0	149	0	0	0	0	0	0	19	0	0	0	0	0	0	0	0	0	0	0	219	0	0	0	0	0
자기소개서	3	2	0	8	3	1	0	1	0	0	7	0	0	0	0	0	8	54	13	2	0	50	0	63	0	1	0	7	0	0	10	8	5	0	0	9	5	2	0	2	2	2	0	3	1	0	2	0	0	0	0
진출	1	9	2	0	0	1	0	0	0	0	0	0	0	0	0	0	0	0	0	2	0	77	0	3	151	0	0	2	64	0	0	64	31	0	0	0	0	0	0	0	3	52	0	4	0	0	0	0	0	0	0
설명	4	23	11	28	1	4	0	0	0	0	43	0	5	0	8	0	0	8	3	0	0	33	0	29	0	0	0	8	0	23	12	4	7	1	0	0	5	0	0	2	49	5	0	7	2	0	0	1	1	2	0
첨삭	0	1	0	3	0	0	0	0	0	0	172	0	0	0	54	0	8	0	7	2	0	28	0	81	1	0	0	1	0	0	6	6	0	0	0	13	10	0	0	2	0	3	0	5	0	0	4	0	0	0	0
면접	11	3	0	36	0	0	0	3	0	0	12	0	4	0	13	0	3	7	0	4	0	28	4	67	0	5	0	4	1	3	21	7	9	0	0	2	17	0	0	5	5	0	0	1	2	0	2	0	0	0	0
목표	372	365	363	4	349	350	345	344	30	346	6	0	1	0	2	2	0	2	4	0	0	39	142	29	1	0	1	37	9	1	4	9	12	1	0	0	1	0	2	11	9	6	0	4	20	2	20	0	0	1	1
신입생	9	0	0	0	0	0	0	0	0	0	0	148	0	0	0	0	0	0	0	0	0	1	0	0	0	0	0	0	0	0	0	0	0	29	0	0	0	0	0	0	0	2	0	0	0	0	0	0	0	0	0
직무	48	84	27	29	13	39	0	1	32	2	52	1	2	0	50	77	33	28	28	39	1	0	1	181	0	1	1	34	83	1	70	109	7	3	0	14	42	0	6	34	8	11	1	115	11	1	12	0	0	8	1
발표	0	1	0	0	0	1	0	0	0	0	0	0	0	0	0	0	0	0	4	142	0	1	0	0	0	0	0	0	0	0	0	0	0	0	0	0	0	0	0	0	0	0	0	0	0	0	0	0	0	0	0
지원	11	36	13	11	6	7	0	5	0	1	95	0	3	0	63	3	29	81	67	29	0	181	0	0	1	2	0	58	11	3	35	79	15	0	3	123	137	1	3	32	9	15	90	47	10	0	17	0	2	62	2
선배들	0	0	0	0	0	0	0	0	0	0	0	0	0	0	0	151	0	1	0	1	0	0	0	1	0	0	0	0	0	0	1	0	29	0	0	0	1	0	0	0	0	50	0	0	0	0	0	0	0	0	0
질의응답	0	0	0	0	0	0	0	0	0	0	3	0	0	0	1	0	0	0	5	0	0	1	0	2	0	0	0	0	0	0	0	0	0	0	0	0	1	0	0	0	0	0	0	0	0	0	0	0	0	0	0
로드맵	0	0	0	0	1	0	0	0	0	0	0	0	0	149	0	0	0	0	0	1	0	1	0	0	0	0	0	0	0	0	0	0	0	0	0	0	0	0	0	0	0	0	0	0	0	150	0	0	0	0	0
공기업	5	20	12	15	5	7	0	3	0	1	9	0	6	0	7	2	8	1	4	37	0	34	0	58	0	0	0	0	2	0	3	8	5	2	1	0	1	0	0	30	7	2	4	5	13	0	20	0	0	3	2
탐색	0	4	2	3	2	4	0	0	1	0	1	0	2	0	0	64	0	0	1	9	0	83	0	11	0	0	0	2	0	0	1	62	6	1	0	0	0	0	0	1	1	3	0	2	2	0	3	0	0	0	34
인성검사	0	0	0	0	0	0	0	0	0	0	0	5	0	0	0	0	23	0	3	1	0	1	0	3	0	0	0	0	0	0	0	0	1	7	0	0	0	0	0	3	0	0	0	0	0	0	0	0	0	0	0
역량	3	7	1	3	0	1	1	0	0	3	11	0	2	0	10	0	12	6	21	4	0	70	0	35	1	0	0	3	1	0	0	3	106	0	0	0	29	0	2	0	1	91	1	3	3	1	0	0	0	0	1
회계	3	55	36	21	5	27	0	6	0	7	8	0	2	0	8	64	4	6	7	9	0	109	0	79	0	0	0	8	62	0	3	0	4	3	0	6	2	0	3	8	0	0	22	15	12	0	5	0	1	0	2
영어	4	35	21	8	15	18	0	3	2	0	1	0	2	0	5	31	7	0	9	12	0	7	0	15	29	0	0	5	6	1	106	4	0	0	0	1	0	0	8	23	4	27	0	3	20	0	1	0	0	0	1
진로상담	9	3	3	18	0	0	0	0	0	0	0	0	13	19	0	0	1	0	0	1	29	3	0	0	0	0	0	2	1	7	0	3	0	0	0	0	0	0	1	1	0	1	0	3	1	19	0	0	0	0	0
취업동아리	0	0	0	0	0	0	0	0	0	0	0	0	0	0	0	0	0	0	0	0	0	0	0	3	0	0	0	1	0	0	0	0	0	0	0	0	0	0	79	0	0	1	0	0	0	0	0	0	0	0	0
입사지원서	2	0	0	0	1	0	0	0	0	0	5	0	0	0	9	0	0	13	2	0	0	14	0	123	0	0	0	0	0	0	0	6	1	0	0	0	0	0	0	0	0	0	7	3	0	0	0	0	0	61	0
지원동기	2	3	2	0	0	0	0	1	0	0	14	0	0	0	5	0	5	10	17	1	0	42	0	137	1	1	0	1	0	0	29	2	0	0	0	0	0	1	0	1	0	1	0	1	0	0	3	0	0	0	1
학교생활	13	0	0	0	0	0	0	0	0	0	1	0	10	0	2	0	0	0	0	0	0	0	0	1	0	0	0	0	0	0	0	0	0	0	0	0	1	0	0	0	0	0	0	0	0	0	0	0	0	0	0
국제무역	1	59	14	11	0	2	0	0	0	0	0	0	1	0	0	0	0	0	0	2	0	6	0	3	0	0	0	0	0	0	2	3	8	1	79	0	0	0	0	2	5	2	1	1	1	0	0	3	3	0	0
시험	5	40	20	9	0	6	0	0	0	0	4	0	2	0	2	0	2	2	5	11	0	34	0	32	0	0	0	30	1	3	0	8	23	1	0	0	1	0	2	0	0	4	1	5	18	0	69	0	0	0	0
해외취업	2	3	1	19	0	0	0	0	0	0	3	0	4	0	2	3	49	0	5	9	0	8	0	9	0	0	0	7	1	0	1	0	4	0	0	0	0	0	5	0	0	0	0	2	1	0	0	0	0	0	0
중국어	2	15	7	1	0	5	0	0	0	0	7	2	0	0	2	52	5	3	0	6	2	11	0	15	50	0	0	2	3	0	91	0	27	1	1	0	1	0	2	4	0	0	1	2	8	0	0	0	0	0	0
지원분야	0	2	1	0	0	0	0	0	0	1	1	0	0	0	0	0	0	0	0	0	0	1	0	90	0	0	0	4	0	0	1	22	0	0	0	7	0	0	1	1	0	1	0	18	1	0	3	0	0	0	0
마케팅	14	25	16	22	8	2	0	3	0	0	10	0	0	0	3	4	7	5	1	4	0	115	0	47	0	0	0	5	2	0	3	15	3	3	0	3	1	0	1	5	2	2	18	0	4	0	3	0	4	0	2
토익	1	28	13	1	5	37	0	6	0	0	0	0	0	0	1	0	2	0	2	20	0	11	0	10	0	0	0	13	2	0	3	12	20	1	0	0	0	0	1	18	1	8	1	4	0	0	3	0	0	0	2
대학생활	45	1	0	0	3	1	27	0	0	0	0	9	0	219	0	0	0	0	0	2	0	1	0	0	0	0	150	0	0	0	1	0	0	19	0	0	0	0	0	0	0	0	0	0	0	0	0	0	0	0	0
공무원	1	13	0	0	1	0	0	0	0	0	0	0	3	0	2	0	0	4	2	20	0	12	0	17	0	0	0	20	3	0	0	5	1	0	0	0	3	0	0	69	0	0	3	3	3	0	0	0	0	0	1
무역실무자	0	3	0	31	0	0	0	0	0	0	0	0	0	0	0	0	1	0	0	0	0	0	0	0	0	0	0	0	0	0	0	0	0	0	0	0	0	0	3	0	0	0	0	0	0	0	0	0	68	0	0
양성과정	0	3	0	31	0	0	0	0	0	0	1	0	0	0	0	0	1	0	0	0	0	0	0	2	0	0	0	0	0	0	0	1	0	0	0	0	0	0	3	0	0	0	0	4	0	0	0	68	0	0	0
블라인드	0	0	0	1	0	2	0	0	0	0	0	0	0	0	0	0	2	0	0	1	0	8	0	62	0	0	0	3	0	0	0	0	0	0	0	61	0	0	0	0	0	0	0	0	0	0	0	0	0	0	0
전공관련	0	6	3	0	1	1	0	0	0	0	1	0	0	0	0	0	0	0	0	1	0	1	0	2	0	0	0	2	34	0	1	2	1	0	0	0	1	0	0	0	0	0	0	2	2	0	1	0	0	0	0
