프로그램	0	168	281	6	2	35	30	289	2	28	28	0	0	153	17	165	6	46	103	36	0	12	1	39	20	4	8	1	67	40	32	151	130	0	0	2	92	3	12	3	0	0	6	197	47	48	363	0	18	2
진로	168	0	280	666	430	7	12	421	233	321	949	724	551	595	4	37	732	75	13	715	0	79	34	616	1824	20	623	95	109	25	410	351	39	367	299	397	225	6	2	2	7	299	23	53	361	30	71	54	133	0
자격증	281	280	0	473	3	18	6	693	159	11	391	0	2	949	5	809	3	50	6	69	0	512	433	65	252	427	9	3	959	58	192	8	12	0	0	92	184	6	2	3	0	0	35	111	214	39	28	0	61	4
이야기	6	666	473	0	0	12	3	459	1	18	406	11	56	518	1	444	12	7	14	148	0	472	440	205	595	443	11	0	912	17	9	2	7	1	0	1	56	0	0	2	0	0	64	0	41	8	5	0	5	2
해석	2	430	3	0	0	12	1	0	0	3	4	83	0	27	2	1	1	3	1	0	0	0	0	13	7	0	1452	457	84	34	28	0	1	469	0	0	159	5	0	32	0	0	0	0	80	3	1	156	1	0
자소서	35	7	18	12	12	0	40	0	2	632	34	0	1	130	523	12	5	46	66	7	0	10	0	44	36	3	21	6	68	311	41	0	49	0	0	4	226	69	1	22	0	0	3	13	101	25	23	1	13	40
자기소개서	30	12	6	3	1	40	0	0	2	490	44	0	3	115	330	2	0	44	47	18	0	4	0	38	24	7	6	0	91	356	103	0	1310	0	0	1	197	125	1	39	0	0	1	24	172	7	20	0	11	31
학년별	289	421	693	459	0	0	0	0	174	0	359	0	4	1010	0	424	0	2	0	326	4	442	515	0	271	423	0	0	868	0	177	0	10	0	0	117	65	0	0	0	0	0	2	1	272	0	21	0	5	0
진출분야	2	233	159	1	0	2	2	174	0	2	8	0	0	1013	0	15	1	10	0	74	604	14	10	13	423	2	175	168	27	10	1127	0	2	1	0	127	114	0	0	1	81	0	1	3	184	2	1	168	7	0
작성	28	321	11	18	3	632	490	0	2	0	92	0	0	130	115	18	5	51	50	22	0	5	0	368	54	9	15	4	102	511	98	0	512	0	320	6	378	87	3	164	1	300	1	21	311	15	16	1	11	68
목표	28	949	391	406	4	34	44	359	8	92	0	0	545	664	8	398	607	204	21	70	1	377	345	43	172	346	55	5	766	88	90	0	59	2	46	7	105	7	29	6	2	0	22	12	63	18	21	3	39	8
신입생	0	724	0	11	83	0	0	0	0	0	0	0	0	3	0	0	0	0	0	0	0	2	0	1	1	0	128	0	2	0	0	0	0	0	0	0	1	0	0	0	0	0	0	4	1	2	2	0	0	0
학교생활	0	551	2	56	0	1	3	4	0	0	545	0	0	10	0	0	565	0	0	5	0	6	0	1	6	2	0	0	7	16	1	0	24	0	0	0	5	5	0	0	2	0	2	0	3	2	0	0	0	3
준비	153	595	949	518	27	130	115	1010	1013	130	664	3	10	0	29	691	41	698	817	259	638	555	508	182	821	446	394	221	1043	412	1335	189	237	5	0	176	598	38	84	13	79	0	176	94	449	88	89	210	175	95
첨삭	17	4	5	1	2	523	330	0	0	115	8	0	0	29	0	0	0	5	16	7	0	3	0	18	17	3	3	1	63	282	43	0	338	0	0	0	83	6	1	39	1	0	0	4	63	3	6	0	4	44
취득	165	37	809	444	1	12	2	424	15	18	398	0	0	691	0	0	0	49	6	0	0	450	423	59	77	434	6	1	914	42	46	221	6	0	0	4	54	2	7	2	0	0	40	41	31	49	14	0	65	3
전반적인	6	732	3	12	1	5	0	0	1	5	607	0	565	41	0	0	0	14	7	2	1	1	0	6	13	0	4	3	1	12	6	0	1	0	0	1	7	0	1	1	0	0	5	1	6	0	2	0	1	0
공기업	46	75	50	7	3	46	44	2	10	51	204	0	0	698	5	49	14	0	36	2	11	40	0	192	93	6	13	3	44	143	100	0	47	2	0	11	108	12	56	2	0	0	9	58	53	34	36	0	43	4
면접	103	13	6	14	1	66	47	0	0	50	21	0	0	817	16	6	7	36	0	0	0	6	0	23	80	7	19	6	97	236	37	0	195	0	6	3	205	94	9	5	0	0	3	43	150	15	36	1	38	89
대학생활	36	715	69	148	0	7	18	326	74	22	70	0	5	259	7	0	2	2	0	0	0	26	93	2	291	2	2	0	40	8	88	0	39	0	0	52	58	0	0	4	0	0	2	2	221	5	4	0	5	1
준비방향	0	0	0	0	0	0	0	4	604	0	1	0	0	638	0	0	1	11	0	0	0	1	0	0	0	0	0	0	1	0	605	0	1	0	0	0	8	0	6	0	79	0	0	1	1	0	0	0	0	0
학점	12	79	512	472	0	10	4	442	14	5	377	2	6	555	3	450	1	40	6	26	1	0	423	99	73	436	3	0	994	34	36	2	5	0	0	17	53	3	1	0	0	0	10	10	72	22	9	0	44	1
학년별로	1	34	433	440	0	0	0	515	10	0	345	0	0	508	0	423	0	0	0	93	0	423	0	0	31	423	0	0	846	0	10	0	0	0	0	0	10	0	0	0	0	0	0	0	11	0	0	0	0	0
희망	39	616	65	205	13	44	38	0	13	368	43	1	1	182	18	59	6	192	23	2	0	99	0	0	214	12	35	6	116	134	217	1	93	5	299	32	420	10	11	10	51	299	5	50	45	35	21	0	34	4
전공	20	1824	252	595	7	36	24	271	423	54	172	1	6	821	17	77	13	93	80	291	0	73	31	214	0	27	256	197	95	115	716	173	49	3	0	555	293	9	5	9	2	1	17	25	359	37	18	207	54	16
현장실습	4	20	427	443	0	3	7	423	2	9	346	0	2	446	3	434	0	6	7	2	0	436	423	12	27	0	0	0	853	14	6	0	7	0	0	1	10	3	0	0	0	0	3	2	23	9	1	0	7	2
검사	8	623	9	11	1452	21	6	0	175	15	55	128	0	394	3	6	4	13	19	2	0	3	0	35	256	0	0	880	95	65	267	0	7	547	0	36	406	8	0	41	0	0	8	5	89	15	11	480	6	0
인성검사	1	95	3	0	457	6	0	0	168	4	5	0	0	221	1	1	3	3	6	0	0	0	0	6	197	0	880	0	84	37	220	0	0	0	0	20	65	1	0	33	0	0	0	1	81	2	2	378	2	0
관리	67	109	959	912	84	68	91	868	27	102	766	2	7	1043	63	914	1	44	97	40	1	994	846	116	95	853	95	84	0	162	124	2	105	0	31	20	255	14	15	14	0	0	8	14	192	23	9	83	47	13
지원	40	25	58	17	34	311	356	0	10	511	88	0	16	412	282	42	12	143	236	8	0	34	0	134	115	14	65	37	162	0	311	0	481	0	6	10	421	106	31	401	1	0	7	25	209	65	51	2	41	366
분야	32	410	192	9	28	41	103	177	1127	98	90	0	1	1335	43	46	6	100	37	88	605	36	10	217	716	6	267	220	124	311	0	1	117	5	0	153	282	10	12	23	384	0	21	29	285	19	18	195	101	11
저학년	151	351	8	2	0	0	0	0	0	0	0	0	0	189	0	221	0	0	0	0	0	2	0	1	173	0	0	0	2	0	1	0	0	0	0	0	1	0	0	0	0	0	0	1	1	3	114	0	0	0
소개	130	39	12	7	1	49	1310	10	2	512	59	0	24	237	338	6	1	47	195	39	1	5	0	93	49	7	7	0	105	481	117	0	0	0	0	4	313	149	2	39	51	0	2	28	204	14	29	0	16	137
직업선호도	0	367	0	1	469	0	0	0	1	0	2	0	0	5	0	0	0	2	0	0	0	0	0	5	3	0	547	0	0	0	5	0	0	0	0	0	7	0	0	0	0	0	1	0	1	0	0	0	0	0
개인별	0	299	0	0	0	0	0	0	0	320	46	0	0	0	0	0	0	0	6	0	0	0	0	299	0	0	0	0	31	6	0	0	0	0	0	0	0	0	9	0	0	299	0	0	4	0	0	0	0	6
전공관련	2	397	92	1	0	4	1	117	127	6	7	0	0	176	0	4	1	11	3	52	0	17	0	32	555	1	36	20	20	10	153	0	4	0	0	0	33	2	2	2	0	0	2	1	125	4	0	33	1	2
직무	92	225	184	56	159	226	197	65	114	378	105	1	5	598	83	54	7	108	205	58	8	53	10	420	293	10	406	65	255	421	282	1	313	7	0	33	0	47	15	62	51	0	22	43	428	52	51	64	41	106
코칭	3	6	6	0	5	69	125	0	0	87	7	0	5	38	6	2	0	12	94	0	0	3	0	10	9	3	8	1	14	106	10	0	149	0	0	2	47	0	0	40	0	0	4	7	14	3	6	2	0	23
취업동아리	12	2	2	0	0	1	1	0	0	3	29	0	0	84	1	7	1	56	9	0	6	1	0	11	5	0	0	0	15	31	12	0	2	0	9	2	15	0	0	0	0	0	0	16	0	3	36	0	0	0
입사지원서	3	2	3	2	32	22	39	0	1	164	6	0	0	13	39	2	1	2	5	4	0	0	0	10	9	0	41	33	14	401	23	0	39	0	0	2	62	40	0	0	0	0	0	3	18	0	4	0	5	0
선배들	0	7	0	0	0	0	0	0	81	1	2	0	2	79	1	0	0	0	0	0	79	0	0	51	2	0	0	0	0	1	384	0	51	0	0	0	51	0	0	0	0	0	0	0	0	0	0	0	29	1
조사서	0	299	0	0	0	0	0	0	0	300	0	0	0	0	0	0	0	0	0	0	0	0	0	299	1	0	0	0	0	0	0	0	0	0	299	0	0	0	0	0	0	0	0	0	0	0	0	0	0	0
3학년	6	23	35	64	0	3	1	2	1	1	22	0	2	176	0	40	5	9	3	2	0	10	0	5	17	3	8	0	8	7	21	0	2	1	0	2	22	4	0	0	0	0	0	16	14	29	5	0	80	0
신청	197	53	111	0	0	13	24	1	3	21	12	4	0	94	4	41	1	58	43	2	1	10	0	50	25	2	5	1	14	25	29	1	28	0	0	1	43	7	16	3	0	0	16	0	9	10	77	0	5	0
경험	47	361	214	41	80	101	172	272	184	311	63	1	3	449	63	31	6	53	150	221	1	72	11	45	359	23	89	81	192	209	285	1	204	1	4	125	428	14	0	18	0	0	14	9	0	49	31	80	44	35
권유	48	30	39	8	3	25	7	0	2	15	18	2	2	88	3	49	0	34	15	5	0	22	0	35	37	9	15	2	23	65	19	3	14	0	0	4	52	3	3	0	0	0	29	10	49	0	37	0	61	4
참여	363	71	28	5	1	23	20	21	1	16	21	2	0	89	6	14	2	36	36	4	0	9	0	21	18	1	11	2	9	51	18	114	29	0	0	0	51	6	36	4	0	0	5	77	31	37	0	0	9	2
신뢰도	0	54	0	0	156	1	0	0	168	1	3	0	0	210	0	0	0	0	1	0	0	0	0	0	207	0	480	378	83	2	195	0	0	0	0	33	64	2	0	0	0	0	0	0	80	0	0	0	0	0
영어	18	133	61	5	1	13	11	5	7	11	39	0	0	175	4	65	1	43	38	5	0	44	0	34	54	7	6	2	47	41	101	0	16	0	0	1	41	0	0	5	29	0	80	5	44	61	9	0	0	1
지원동기	2	0	4	2	0	40	31	0	0	68	8	0	3	95	44	3	0	4	89	1	0	1	0	4	16	2	0	0	13	366	11	0	137	0	6	2	106	23	0	0	1	0	0	0	35	4	2	0	1	0
